 12 20 0
 12 90 0
 12 250 0 1010 0
 12 36 3 08facbad 0
 12 36 3 0a4015b2 0
 12 36 3 18d2b6ea 0
 12 36 3 19944fab 0
 12 36 3 1e0ba417 1
 12 36 3 2064e137 0
 12 36 3 25d4cfcd 0
 12 36 3 2ec180e5 0
 12 36 3 30518255 0
 12 36 3 39b3d1ff 0
 12 36 3 3d5d67e6 0
 12 36 3 4427d823 0
 12 36 3 46076a6a 1
 12 36 3 4a32a328 0
 12 36 3 4b23d058 0
 12 36 3 5235d039 0
 12 36 3 54d920aa 0
 12 36 3 5575679a 0
 12 36 3 58a89a43 0
 12 36 3 59fdbcde 0
 12 36 3 5c9c05b7 0
 12 36 3 64dd1c99 1
 12 36 3 6b560cc1 0
 12 36 3 6b59f079 0
 12 36 3 6c0ec9b4 0
 12 36 3 6ccc028e 0
 12 36 3 6cd632ef 0
 12 36 3 6dbd48f0 0
 12 36 3 727b4fe9 0
 12 36 3 759d1c56 0
 12 36 3 7ac6dead 0
 12 36 3 8025317b 0
 12 36 3 82a51fc9 0
 12 36 3 863fa89d 0
 12 36 3 9179db90 0
 12 36 3 93ab6716 0
 12 36 3 9449e4e4 0
 12 36 3 98acf46c 0
 12 36 3 98e6755b 0
 12 36 3 9aa7f147 1
 12 36 3 9f448720 1
 12 36 3 a1b0ebd0 0
 12 36 3 a217b667 0
 12 36 3 a72dd09f 0
 12 36 3 b3ec0855 0
 12 36 3 bc63ea42 0
 12 36 3 cd37b321 0
 12 36 3 d00b8121 0
 12 36 3 d6ec72e3 0
 12 36 3 d7928cbd 0
 12 36 3 d7e2f29b 1
 12 36 3 d81abee7 0
 12 36 3 daddcd03 0
 12 36 3 e16ceb4b 0
 12 36 3 e2a5dc06 0
 12 36 3 f471d432 0
 12 36 3 f47b77d7 0
 12 480 7 0f2161f8 0
 12 250 0 1005 3 10796335 0
 12 250 0 1005 3 132080af 1
 12 250 0 1005 3 413bc23a 0
 12 250 0 1005 3 4619dc46 0
 12 250 0 1005 3 535444a1 0
 12 250 0 1005 3 5cc8de2a 0
 12 250 0 1005 3 6159cbd9 0
 12 250 0 1005 3 61eb5bc4 0
 12 250 0 1005 3 6390786d 0
 12 250 0 1005 3 7195bdd6 0
 12 250 0 1005 3 71ed77a0 0
 12 250 0 1005 3 7220f437 0
 12 250 0 1005 3 9e328a4d 0
 12 250 0 1005 3 ad2b859d 0
 12 250 0 1005 3 ad3c3002 1
 12 250 0 1005 3 aebf429f 0
 12 250 0 1005 3 af7dbad3 0
 12 250 0 1005 3 cbd9db18 0
 12 250 0 1005 3 db7a8013 0
 12 250 0 1005 3 e3f8a92f 0
 12 36 3 16a36ef3 16 100076 0
 12 36 3 16a36ef3 16 100079 0
 12 36 3 4c26e9ba 17 42 1
 12 36 3 4c26e9ba 17 61 0
 12 36 3 64e0e123 10 20355 1
 12 36 3 64e0e123 10 20359 0
 12 36 3 67cf42d6 10 20355 0
 12 36 3 67cf42d6 10 20359 0
 12 36 3 7e091613 1 0 1
 12 36 3 8a704386 16 -1 0
 12 36 3 8a704386 16 100077 1
 12 36 3 c1aa3c04 16 100103 0
 12 36 3 c4e18dd6 2 300ede9d 0
 12 36 3 c4e18dd6 2 5b787406 0
 12 36 3 c4e18dd6 2 b15e894b 0
 12 36 3 c4e18dd6 2 d1a51189 1
 12 36 3 c4e18dd6 2 db45d754 0
 12 36 3 c4e18dd6 2 f17ebd97 0
 12 36 3 de0f0f82 10 20355 1
 12 36 3 de0f0f82 10 20359 0
 12 36 3 de0f0f82 10 20363 1
 12 36 3 f3ca2e42 17 42 0
 12 480 7 cef3e649 17 100 0
 12 250 0 1005 3 21fa7189 17 23 0
 12 250 0 1005 3 21fa7189 17 33 1
 12 250 0 1005 3 449497bc 14 3 1
 12 250 0 1005 3 64778742 16 100083 0
 12 250 0 1005 3 64778742 16 100084 0
 12 250 0 1005 3 6b560cc1 17 23 1
 12 250 0 1005 3 7687a86e 16 100022 0
 12 250 0 1005 3 7687a86e 16 100048 0
 12 250 0 1005 3 7687a86e 16 100050 1
 12 250 0 1005 3 7687a86e 16 100055 0
 12 250 0 1005 3 7687a86e 16 100058 0
 12 250 0 1005 3 7687a86e 16 100060 0
 12 250 0 1005 3 7687a86e 16 100062 0
 12 250 0 1005 3 7687a86e 16 100086 0
 12 250 0 1005 3 7687a86e 16 100097 0
 12 250 0 1005 3 7687a86e 16 100099 1
 12 250 0 1005 3 7687a86e 16 100101 0
 12 250 0 1005 3 7687a86e 16 100106 1
 12 250 0 1005 3 7687a86e 16 100124 1
 12 250 0 1005 3 7687a86e 16 100143 1
 12 250 0 1005 3 7687a86e 16 100155 1
 12 250 0 1005 3 7687a86e 16 100156 0
 12 250 0 1005 3 7687a86e 16 100161 0
 12 250 0 1005 3 7687a86e 16 100162 0
 12 250 0 1005 3 7687a86e 16 100173 1
 12 250 0 1005 3 7687a86e 16 100192 0
 12 250 0 1005 3 7687a86e 16 100195 1
 12 250 0 1005 3 7687a86e 16 100199 0
 12 250 0 1005 3 7687a86e 16 100217 0
 12 250 0 1005 3 7d78a76e 17 23 0
 12 250 0 1005 3 92c9e92d 17 23 0
 12 250 0 1005 3 98572c79 9 2 0
 12 250 0 1005 3 c4e18dd6 16 100001 0
 12 250 0 1005 3 c4e18dd6 16 100050 0
 12 250 0 1005 3 c4e18dd6 16 100060 1
 12 250 0 1005 3 c4e18dd6 16 100077 1
 12 250 0 1005 3 c4e18dd6 16 100081 0
 12 250 0 1005 3 c4e18dd6 16 100086 0
 12 250 0 1005 3 c4e18dd6 16 100119 1
 12 250 0 1005 3 c4e18dd6 16 100141 0
 12 250 0 1005 3 c4e18dd6 16 100156 0
 12 250 0 1005 3 c4e18dd6 16 100188 1
 12 250 0 1005 3 c4e18dd6 16 100224 0
 12 250 0 1005 3 d6fd405a 16 -1 0
 12 250 0 1005 3 d6fd405a 16 100128 1
 12 250 0 1005 3 d7e2f29b 17 23 1
 12 250 0 1005 3 dbd612d2 16 100083 0
 12 250 0 1005 3 e16ceb4b 16 100001 1
 12 250 0 1005 3 e16ceb4b 16 100124 1
 12 250 0 1005 3 e16ceb4b 16 100126 1
 12 250 0 1005 3 e16ceb4b 16 100128 1
 12 250 0 1005 3 e16ceb4b 16 100189 1
 12 250 0 1005 3 e16ceb4b 16 100205 1
 12 250 0 1005 3 e16ceb4b 16 100215 1
 12 250 0 1005 3 e16ceb4b 16 100217 1
 12 250 0 1005 3 e16ceb4b 16 100224 0
 12 250 0 1005 3 f415c8a8 9 2 0
 12 250 0 1005 3 fbac301e 17 23 1
 12 250 0 1005 3 fbac301e 17 52 0
 12 36 3 16a36ef3 16 100074 10 20355 0
 12 36 3 16a36ef3 16 100074 10 20363 0
 12 36 3 16a36ef3 16 100075 10 20363 0
 12 36 3 16a36ef3 16 100077 10 20359 0
 12 36 3 16a36ef3 16 100077 10 20363 0
 12 36 3 16a36ef3 16 100081 10 20355 0
 12 36 3 16a36ef3 16 100081 10 20363 0
 12 36 3 7e091613 1 1 16 100003 0
 12 36 3 7e091613 1 1 16 100020 0
 12 36 3 7e091613 1 1 16 100062 0
 12 36 3 7e091613 1 1 16 100117 0
 12 36 3 7e091613 1 1 16 100130 0
 12 36 3 7e091613 1 1 16 100173 1
 12 36 3 8a704386 16 100130 10 20359 1
 12 36 3 8a704386 16 100130 10 20363 0
 12 36 3 c1aa3c04 16 -1 10 20359 1
 12 36 3 c4e18dd6 2 85f751fd 7 cef3e649 0
 12 36 3 c4e18dd6 2 f59f4e80 16 100002 0
 12 36 3 f3ca2e42 17 157 10 20359 0
 12 480 7 cef3e649 17 42 9 2 0
 12 250 0 1005 3 449497bc 14 2 17 33 0
 12 250 0 1005 3 64778742 16 -1 13 2286 0
 12 250 0 1005 3 6b560cc1 17 52 16 100105 1
 12 250 0 1005 3 7687a86e 16 100000 2 5b08c53b 0
 12 250 0 1005 3 7687a86e 16 100000 2 6c5b482c 1
 12 250 0 1005 3 7687a86e 16 100001 10 19016 0
 12 250 0 1005 3 7687a86e 16 100002 10 19015 0
 12 250 0 1005 3 7687a86e 16 100002 10 19016 1
 12 250 0 1005 3 7687a86e 16 100013 10 19015 1
 12 250 0 1005 3 7687a86e 16 100013 10 19016 0
 12 250 0 1005 3 7687a86e 16 100026 10 20345 1
 12 250 0 1005 3 7687a86e 16 100026 10 20346 0
 12 250 0 1005 3 7687a86e 16 100057 10 20346 0
 12 250 0 1005 3 7687a86e 16 100070 2 5b08c53b 1
 12 250 0 1005 3 7687a86e 16 100070 2 6c5b482c 1
 12 250 0 1005 3 7687a86e 16 100075 2 6c5b482c 1
 12 250 0 1005 3 7687a86e 16 100076 10 20019 0
 12 250 0 1005 3 7687a86e 16 100077 17 33 1
 12 250 0 1005 3 7687a86e 16 100079 9 2 0
 12 250 0 1005 3 7687a86e 16 100103 2 5b08c53b 1
 12 250 0 1005 3 7687a86e 16 100103 2 6c5b482c 1
 12 250 0 1005 3 7687a86e 16 100105 9 2 0
 12 250 0 1005 3 7687a86e 16 100119 10 19015 0
 12 250 0 1005 3 7687a86e 16 100126 2 5b08c53b 0
 12 250 0 1005 3 7687a86e 16 100126 2 6c5b482c 1
 12 250 0 1005 3 7687a86e 16 100141 17 23 0
 12 250 0 1005 3 7687a86e 16 100141 17 33 1
 12 250 0 1005 3 7687a86e 16 100148 9 2 0
 12 250 0 1005 3 7687a86e 16 100170 10 19016 1
 12 250 0 1005 3 7687a86e 16 100171 2 93eaba74 0
 12 250 0 1005 3 7687a86e 16 100172 10 19015 1
 12 250 0 1005 3 7687a86e 16 100188 10 19015 0
 12 250 0 1005 3 7687a86e 16 100188 10 20345 0
 12 250 0 1005 3 7687a86e 16 100188 10 20346 1
 12 250 0 1005 3 7687a86e 16 100189 9 2 1
 12 250 0 1005 3 7687a86e 16 100191 10 19015 0
 12 250 0 1005 3 7687a86e 16 100193 2 5b08c53b 1
 12 250 0 1005 3 7687a86e 16 100193 2 93eaba74 0
 12 250 0 1005 3 7687a86e 16 100202 10 20346 0
 12 250 0 1005 3 7687a86e 16 100224 10 19016 0
 12 250 0 1005 3 7687a86e 16 100241 9 2 1
 12 250 0 1005 3 7687a86e 16 100248 10 19015 0
 12 250 0 1005 3 7d78a76e 17 52 16 100128 0
 12 250 0 1005 3 92c9e92d 17 33 16 100048 0
 12 250 0 1005 3 92c9e92d 17 33 16 100221 1
 12 250 0 1005 3 98572c79 9 0 16 100101 1
 12 250 0 1005 3 c4e18dd6 16 -1 5 0455a7c6 1
 12 250 0 1005 3 c4e18dd6 16 -1 5 0eca5c78 1
 12 250 0 1005 3 c4e18dd6 16 -1 5 1102dafd 0
 12 250 0 1005 3 c4e18dd6 16 -1 5 15d9cbec 1
 12 250 0 1005 3 c4e18dd6 16 -1 5 431a4ab7 0
 12 250 0 1005 3 c4e18dd6 16 -1 5 45377ce2 0
 12 250 0 1005 3 c4e18dd6 16 -1 5 4b36f8ab 0
 12 250 0 1005 3 c4e18dd6 16 -1 5 4cf2d1e2 0
 12 250 0 1005 3 c4e18dd6 16 -1 5 57678e1f 0
 12 250 0 1005 3 c4e18dd6 16 -1 5 5eb643f8 0
 12 250 0 1005 3 c4e18dd6 16 -1 5 6e78e0b9 0
 12 250 0 1005 3 c4e18dd6 16 -1 5 73f62177 1
 12 250 0 1005 3 c4e18dd6 16 -1 5 8e2393eb 1
 12 250 0 1005 3 c4e18dd6 16 -1 5 93d786c6 0
 12 250 0 1005 3 c4e18dd6 16 -1 5 997b15df 0
 12 250 0 1005 3 c4e18dd6 16 -1 5 aac5e61b 0
 12 250 0 1005 3 c4e18dd6 16 -1 5 b1c87a3a 0
 12 250 0 1005 3 c4e18dd6 16 -1 5 c823f3cc 1
 12 250 0 1005 3 c4e18dd6 16 -1 5 c85bdf90 0
 12 250 0 1005 3 c4e18dd6 16 -1 5 cb4e5c62 1
 12 250 0 1005 3 c4e18dd6 16 -1 5 d03cc6b3 0
 12 250 0 1005 3 c4e18dd6 16 -1 5 d34b1300 0
 12 250 0 1005 3 c4e18dd6 16 -1 5 da11b015 0
 12 250 0 1005 3 c4e18dd6 16 -1 5 ebdd474a 0
 12 250 0 1005 3 c4e18dd6 16 -1 5 f888bf4c 0
 12 250 0 1005 3 c4e18dd6 16 -1 5 f9275ba9 0
 12 250 0 1005 3 c4e18dd6 16 -1 5 fc160a49 0
 12 250 0 1005 3 c4e18dd6 16 100034 9 2 0
 12 250 0 1005 3 c4e18dd6 16 100075 15 35 1
 12 250 0 1005 3 c4e18dd6 16 100075 15 39 0
 12 250 0 1005 3 e16ceb4b 16 -1 17 23 1
 12 250 0 1005 3 f415c8a8 9 0 17 23 0
 12 480 7 cef3e649 17 42 9 0 5 f0222e42 0
 12 250 0 1005 3 449497bc 14 2 17 23 16 100055 0
 12 250 0 1005 3 449497bc 14 2 17 23 16 100062 0
 12 250 0 1005 3 449497bc 14 2 17 23 16 100064 0
 12 250 0 1005 3 449497bc 14 2 17 23 16 100079 0
 12 250 0 1005 3 449497bc 14 2 17 23 16 100099 1
 12 250 0 1005 3 64778742 16 -1 13 2339 9 2 0
 12 250 0 1005 3 7687a86e 16 100034 10 20345 2 5b08c53b 0
 12 250 0 1005 3 7687a86e 16 100034 10 20345 2 93eaba74 1
 12 250 0 1005 3 7687a86e 16 100034 10 20346 2 6c5b482c 0
 12 250 0 1005 3 7687a86e 16 100034 10 20346 2 93eaba74 0
 12 250 0 1005 3 7687a86e 16 100057 10 20345 2 5b08c53b 0
 12 250 0 1005 3 7687a86e 16 100057 10 20345 2 6c5b482c 1
 12 250 0 1005 3 7687a86e 16 100070 2 93eaba74 10 19016 0
 12 250 0 1005 3 7687a86e 16 100074 2 5b08c53b 15 39 0
 12 250 0 1005 3 7687a86e 16 100074 2 93eaba74 15 39 1
 12 250 0 1005 3 7687a86e 16 100075 2 5b08c53b 10 20019 0
 12 250 0 1005 3 7687a86e 16 100075 2 93eaba74 15 39 1
 12 250 0 1005 3 7687a86e 16 100076 10 20018 2 93eaba74 1
 12 250 0 1005 3 7687a86e 16 100077 17 23 10 20019 1
 12 250 0 1005 3 7687a86e 16 100079 9 0 2 93eaba74 1
 12 250 0 1005 3 7687a86e 16 100083 17 23 9 2 0
 12 250 0 1005 3 7687a86e 16 100103 2 93eaba74 10 19015 0
 12 250 0 1005 3 7687a86e 16 100103 2 93eaba74 10 19016 1
 12 250 0 1005 3 7687a86e 16 100119 10 19016 2 6c5b482c 0
 12 250 0 1005 3 7687a86e 16 100119 10 19016 2 93eaba74 1
 12 250 0 1005 3 7687a86e 16 100170 10 19015 2 5b08c53b 0
 12 250 0 1005 3 7687a86e 16 100171 2 5b08c53b 9 2 0
 12 250 0 1005 3 7687a86e 16 100171 2 6c5b482c 9 0 0
 12 250 0 1005 3 7687a86e 16 100171 2 6c5b482c 9 2 1
 12 250 0 1005 3 7687a86e 16 100189 9 0 10 19015 0
 12 250 0 1005 3 7d78a76e 17 52 16 -1 9 2 0
 12 250 0 1005 3 98572c79 9 0 16 -1 10 19016 0
 12 250 0 1005 3 98572c79 9 0 16 100083 17 23 0
 12 250 0 1005 3 98572c79 9 0 16 100084 17 23 0
 12 250 0 1005 3 c4e18dd6 16 -1 5 2a34457c 15 47 0
 12 250 0 1005 3 c4e18dd6 16 -1 5 75edb3d7 17 157 0
 12 250 0 1005 3 c4e18dd6 16 -1 5 75edb3d7 17 23 1
 12 250 0 1005 3 c4e18dd6 16 -1 5 7fa01e47 9 0 0
 12 250 0 1005 3 c4e18dd6 16 -1 5 89ae46b8 9 2 0
 12 250 0 1005 3 c4e18dd6 16 -1 5 a0fc55e5 14 2 0
 12 250 0 1005 3 c4e18dd6 16 -1 5 a27d9ec2 10 17863 0
 12 250 0 1005 3 c4e18dd6 16 -1 5 a27d9ec2 10 20365 0
 12 250 0 1005 3 c4e18dd6 16 -1 5 cbf5e91d 9 0 0
 12 250 0 1005 3 c4e18dd6 16 -1 5 cbf5e91d 9 2 1
 12 250 0 1005 3 c4e18dd6 16 -1 5 d7a5d468 17 23 0
 12 250 0 1005 3 c4e18dd6 16 -1 5 f536f5e9 10 20365 0
 12 250 0 1005 3 c4e18dd6 16 -1 5 fbbccc58 10 20345 0
 12 250 0 1005 3 c4e18dd6 16 100034 9 0 5 431a4ab7 0
 12 250 0 1005 3 e16ceb4b 16 -1 17 52 9 2 1
 12 250 0 1005 3 449497bc 14 2 17 23 16 -1 15 35 1
 12 250 0 1005 3 449497bc 14 2 17 23 16 100034 9 2 0
 12 250 0 1005 3 7687a86e 16 -1 15 39 13 2285 9 2 1
 12 250 0 1005 3 7687a86e 16 -1 15 39 13 2443 9 2 1
 12 250 0 1005 3 7687a86e 16 100075 2 5b08c53b 10 20018 9 2 1
 12 250 0 1005 3 7687a86e 16 100077 17 23 10 20018 9 2 1
 12 250 0 1005 3 7687a86e 16 100077 17 23 10 20093 9 2 0
 12 250 0 1005 3 7687a86e 16 100079 9 0 2 5b08c53b 15 39 1
 12 250 0 1005 3 7687a86e 16 100083 17 33 2 6c5b482c 9 2 0
 12 250 0 1005 3 7687a86e 16 100083 17 33 2 93eaba74 9 2 1
 12 250 0 1005 3 7687a86e 16 100084 10 17653 9 2 2 6c5b482c 1
 12 250 0 1005 3 7687a86e 16 100084 10 17653 9 2 2 93eaba74 0
 12 250 0 1005 3 7687a86e 16 100148 9 0 2 6c5b482c 10 19016 0
 12 250 0 1005 3 7687a86e 16 100148 9 0 2 93eaba74 10 19015 0
 12 250 0 1005 3 7687a86e 16 100189 9 0 10 19016 2 93eaba74 0
 12 250 0 1005 3 c4e18dd6 16 -1 5 2a34457c 15 39 17 23 0
 12 250 0 1005 3 c4e18dd6 16 -1 5 89ae46b8 9 0 10 20361 1
 12 250 0 1005 3 c4e18dd6 16 -1 5 89bdfe24 17 157 9 2 1
 12 250 0 1005 3 c4e18dd6 16 -1 5 89bdfe24 17 23 10 21277 0
 12 250 0 1005 3 c4e18dd6 16 -1 5 a27d9ec2 10 20361 9 2 0
 12 250 0 1005 3 c4e18dd6 16 -1 5 f536f5e9 10 20361 9 0 1
 12 250 0 1005 3 c4e18dd6 16 -1 5 f536f5e9 10 20361 9 2 0
 12 250 0 1005 3 c4e18dd6 16 -1 5 fbbccc58 10 20346 9 0 0
 12 250 0 1005 3 c4e18dd6 16 100034 9 0 5 89bdfe24 10 20346 1
 12 250 0 1005 3 c4e18dd6 16 100034 9 0 5 fbbccc58 10 20345 0
 12 250 0 1005 3 c4e18dd6 16 100034 9 0 5 fc160a49 10 20345 1
 12 250 0 1005 3 c4e18dd6 16 100034 9 0 5 fc160a49 10 20346 0
 12 250 0 1005 3 7687a86e 16 -1 15 39 13 1994 9 2 2 6c5b482c 0
 12 250 0 1005 3 7687a86e 16 -1 15 39 13 2162 9 2 2 6c5b482c 0
 12 250 0 1005 3 7687a86e 16 -1 15 39 13 2162 9 2 2 93eaba74 0
 12 250 0 1005 3 7687a86e 16 -1 15 39 13 2331 2 93eaba74 10 20345 1
 12 250 0 1005 3 7687a86e 16 100083 17 33 2 5b08c53b 9 2 10 17653 0
 12 250 0 1005 3 c4e18dd6 16 -1 5 89bdfe24 17 157 9 0 10 20361 0
 12 250 0 1005 3 c4e18dd6 16 -1 5 89bdfe24 17 157 9 0 10 20365 1
 12 250 0 1005 3 c4e18dd6 16 -1 5 89bdfe24 17 23 10 20345 9 2 0
 12 250 0 1005 3 c4e18dd6 16 -1 5 a0fc55e5 14 3 9 2 10 17863 0
 12 250 0 1005 3 c4e18dd6 16 -1 5 a0fc55e5 14 3 9 2 10 20014 1
 12 250 0 1005 3 c4e18dd6 16 -1 5 a0fc55e5 14 3 9 2 10 20635 0
 12 250 0 1005 3 c4e18dd6 16 -1 5 d7a5d468 17 157 9 0 10 20361 0
 12 250 0 1005 3 7687a86e 16 -1 15 39 13 2331 2 5b08c53b 9 2 10 20345 0
 12 250 0 1005 3 7687a86e 16 -1 15 39 13 2331 2 6c5b482c 10 20346 9 2 0